# BLASTP 2.16.0+
# Query: detected_olfactory_protein
# Database: /Users/ossianfinch/Documents/Part_3/human_proteins_db
# Fields: query acc., subject acc., query length, subject length, % identity, % positives, alignment length, q. start, q. end, s. start, s. end, evalue
# 502 hits found
detected_olfactory_protein	ENSP00000386138.2	314	314	100.000	100.00	314	1	314	1	314	0.0
detected_olfactory_protein	ENSP00000493457.1	314	314	100.000	100.00	314	1	314	1	314	0.0
detected_olfactory_protein	ENSP00000305424.2	314	312	60.000	76.07	305	1	305	1	305	4.18e-129
detected_olfactory_protein	ENSP00000343521.1	314	313	53.355	72.20	313	1	313	1	313	9.54e-114
detected_olfactory_protein	ENSP00000331545.2	314	313	53.770	72.79	305	1	305	1	305	2.41e-113
detected_olfactory_protein	ENSP00000248072.3	314	319	53.674	71.88	313	1	313	1	312	1.62e-112
detected_olfactory_protein	ENSP00000401966.2	314	313	51.803	69.18	305	1	305	1	305	1.94e-112
detected_olfactory_protein	ENSP00000493107.1	314	313	51.803	69.18	305	1	305	1	305	1.94e-112
detected_olfactory_protein	ENSP00000335575.5	314	313	51.603	69.87	312	1	312	1	312	5.12e-112
detected_olfactory_protein	ENSP00000313384.2	314	314	52.412	71.06	311	1	311	1	311	1.10e-111
detected_olfactory_protein	ENSP00000248073.2	314	320	52.229	69.11	314	1	314	1	314	1.92e-110
detected_olfactory_protein	ENSP00000493248.1	314	320	52.229	69.11	314	1	314	1	314	1.92e-110
detected_olfactory_protein	ENSP00000493026.1	314	320	52.229	69.11	314	1	314	1	314	1.92e-110
detected_olfactory_protein	ENSP00000493429.1	314	320	52.229	69.11	314	1	314	1	314	1.92e-110
detected_olfactory_protein	ENSP00000248384.1	314	323	51.266	70.25	316	1	307	1	316	3.44e-110
detected_olfactory_protein	ENSP00000493283.1	314	309	53.311	69.54	302	1	302	1	302	2.45e-108
detected_olfactory_protein	ENSP00000493071.1	314	309	53.311	69.54	302	1	302	1	302	2.45e-108
detected_olfactory_protein	ENSP00000310488.2	314	312	50.814	70.36	307	1	307	1	307	4.00e-107
detected_olfactory_protein	ENSP00000493383.1	314	312	50.814	70.36	307	1	307	1	307	4.00e-107
detected_olfactory_protein	ENSP00000493404.1	314	312	50.814	70.36	307	1	307	1	307	4.00e-107
detected_olfactory_protein	ENSP00000302863.2	314	324	51.792	68.73	307	1	307	1	306	3.79e-105
detected_olfactory_protein	ENSP00000259466.1	314	311	51.803	70.16	305	1	304	1	305	4.90e-105
detected_olfactory_protein	ENSP00000304235.2	314	311	51.475	69.84	305	1	304	1	305	5.52e-105
detected_olfactory_protein	ENSP00000383534.2	314	321	48.355	70.07	304	1	304	1	304	6.05e-105
detected_olfactory_protein	ENSP00000230223.5	314	321	48.355	70.07	304	1	304	1	304	6.05e-105
detected_olfactory_protein	ENSP00000362788.1	314	347	51.475	69.84	305	1	304	37	341	8.13e-105
detected_olfactory_protein	ENSP00000446579.1	314	321	48.355	70.07	304	1	304	1	304	1.15e-104
detected_olfactory_protein	ENSP00000404990.1	314	321	48.355	70.07	304	1	304	1	304	1.15e-104
detected_olfactory_protein	ENSP00000407363.1	314	321	48.355	70.07	304	1	304	1	304	1.15e-104
detected_olfactory_protein	ENSP00000366359.1	314	321	48.355	70.07	304	1	304	1	304	1.15e-104
detected_olfactory_protein	ENSP00000493269.1	314	321	48.355	70.07	304	1	304	1	304	1.15e-104
detected_olfactory_protein	ENSP00000450230.1	314	321	48.355	70.07	304	1	304	1	304	1.15e-104
detected_olfactory_protein	ENSP00000404109.1	314	321	48.355	70.07	304	1	304	1	304	1.15e-104
detected_olfactory_protein	ENSP00000404163.1	314	321	48.355	70.07	304	1	304	1	304	1.15e-104
detected_olfactory_protein	ENSP00000306974.2	314	311	50.498	68.44	301	4	304	2	302	1.26e-104
detected_olfactory_protein	ENSP00000493055.1	314	309	50.993	69.54	302	1	302	1	302	2.13e-104
detected_olfactory_protein	ENSP00000345563.2	314	312	51.466	69.38	307	1	307	1	307	4.29e-104
detected_olfactory_protein	ENSP00000493200.1	314	312	51.466	69.38	307	1	307	1	307	4.29e-104
detected_olfactory_protein	ENSP00000492939.1	314	312	51.466	69.38	307	1	307	1	307	4.29e-104
detected_olfactory_protein	ENSP00000310773.1	314	310	50.968	69.35	310	1	308	1	309	4.57e-104
detected_olfactory_protein	ENSP00000493053.1	314	312	49.508	68.85	305	1	305	1	305	4.58e-104
detected_olfactory_protein	ENSP00000449041.1	314	321	48.026	70.07	304	1	304	1	304	4.75e-104
detected_olfactory_protein	ENSP00000415545.1	314	321	48.026	70.07	304	1	304	1	304	4.75e-104
detected_olfactory_protein	ENSP00000412591.1	314	321	48.026	70.07	304	1	304	1	304	4.75e-104
detected_olfactory_protein	ENSP00000259357.2	314	322	52.769	70.36	307	1	307	1	307	6.03e-104
detected_olfactory_protein	ENSP00000493223.1	314	312	49.180	68.52	305	1	305	1	305	6.78e-104
detected_olfactory_protein	ENSP00000362790.1	314	360	50.968	69.35	310	1	308	51	359	3.28e-103
detected_olfactory_protein	ENSP00000209540.2	314	355	51.290	64.84	310	1	310	1	310	1.66e-102
detected_olfactory_protein	ENSP00000493393.1	314	355	51.290	64.84	310	1	310	1	310	1.66e-102
detected_olfactory_protein	ENSP00000493179.1	314	309	48.534	69.38	307	1	307	1	305	2.07e-102
detected_olfactory_protein	ENSP00000492897.1	314	309	48.534	69.38	307	1	307	1	305	2.07e-102
detected_olfactory_protein	ENSP00000302867.2	314	312	49.038	67.63	312	1	312	1	312	2.30e-100
detected_olfactory_protein	ENSP00000471977.1	314	319	50.799	66.45	313	1	313	1	313	8.88e-100
detected_olfactory_protein	ENSP00000316955.3	314	319	50.799	66.45	313	1	313	1	313	8.88e-100
detected_olfactory_protein	ENSP00000493103.1	314	312	47.231	69.71	307	1	307	1	306	2.05e-99
detected_olfactory_protein	ENSP00000493077.1	314	312	47.231	69.71	307	1	307	1	306	2.05e-99
detected_olfactory_protein	ENSP00000493090.1	314	331	49.206	66.67	315	1	313	15	328	1.60e-98
detected_olfactory_protein	ENSP00000362792.3	314	316	47.573	67.31	309	3	311	6	314	2.21e-98
detected_olfactory_protein	ENSP00000371377.1	314	309	48.860	67.75	307	1	307	1	305	2.30e-98
detected_olfactory_protein	ENSP00000277309.2	314	316	52.027	69.59	296	11	306	12	307	3.41e-98
detected_olfactory_protein	ENSP00000494223.1	314	335	49.505	67.66	303	2	304	16	318	5.32e-97
detected_olfactory_protein	ENSP00000387523.1	314	339	49.505	67.66	303	2	304	20	322	7.36e-97
detected_olfactory_protein	ENSP00000306657.2	314	314	46.711	66.12	304	4	307	2	305	2.29e-95
detected_olfactory_protein	ENSP00000493263.1	314	314	46.711	66.12	304	4	307	2	305	2.29e-95
detected_olfactory_protein	ENSP00000493411.1	314	309	51.623	70.78	308	1	307	1	307	2.42e-95
detected_olfactory_protein	ENSP00000304188.1	314	309	46.254	67.75	307	1	307	1	307	5.36e-95
detected_olfactory_protein	ENSP00000517450.1	314	309	46.254	67.75	307	1	307	1	307	5.36e-95
detected_olfactory_protein	ENSP00000487204.1	314	309	45.928	67.43	307	1	307	1	307	1.59e-94
detected_olfactory_protein	ENSP00000297913.2	314	314	47.267	62.70	311	1	311	1	311	5.20e-94
detected_olfactory_protein	ENSP00000486165.1	314	319	45.928	66.78	307	1	307	1	307	3.10e-92
detected_olfactory_protein	ENSP00000493295.1	314	311	45.574	65.25	305	4	307	3	307	4.78e-91
detected_olfactory_protein	ENSP00000496685.1	314	311	45.574	65.25	305	4	307	3	307	4.78e-91
detected_olfactory_protein	ENSP00000244623.1	314	313	42.173	63.58	313	1	313	1	313	1.70e-90
detected_olfactory_protein	ENSP00000323928.3	314	312	44.951	64.17	307	1	307	2	307	6.56e-90
detected_olfactory_protein	ENSP00000485240.1	314	310	40.717	65.80	307	1	307	1	307	1.17e-89
detected_olfactory_protein	ENSP00000492896.1	314	324	47.869	67.54	305	1	305	1	305	2.45e-89
detected_olfactory_protein	ENSP00000485324.1	314	324	43.974	65.15	307	1	307	1	307	5.02e-89
detected_olfactory_protein	ENSP00000517451.1	314	324	43.974	65.15	307	1	307	1	307	5.02e-89
detected_olfactory_protein	ENSP00000353537.2	314	309	44.408	63.82	304	4	307	2	304	9.34e-89
detected_olfactory_protein	ENSP00000444134.1	314	311	44.262	65.57	305	1	305	1	305	2.11e-88
detected_olfactory_protein	ENSP00000493195.1	314	315	45.981	62.38	311	2	312	5	315	3.17e-88
detected_olfactory_protein	ENSP00000459028.1	314	312	46.906	65.47	307	1	307	1	306	3.25e-88
detected_olfactory_protein	ENSP00000442701.2	314	316	43.322	66.78	307	1	307	7	313	3.65e-88
detected_olfactory_protein	ENSP00000313803.1	314	315	44.186	64.12	301	5	305	8	308	2.70e-87
detected_olfactory_protein	ENSP00000485319.1	314	311	44.262	66.23	305	1	305	1	305	5.43e-87
detected_olfactory_protein	ENSP00000310788.1	314	312	44.224	64.03	303	1	303	1	303	5.61e-87
detected_olfactory_protein	ENSP00000278409.1	314	314	42.671	65.80	307	1	307	1	307	5.91e-87
detected_olfactory_protein	ENSP00000302057.4	314	311	42.581	64.84	310	1	310	1	310	1.34e-86
detected_olfactory_protein	ENSP00000493238.1	314	311	42.581	64.84	310	1	310	1	310	1.34e-86
detected_olfactory_protein	ENSP00000493247.1	314	311	42.581	64.84	310	1	310	1	310	1.34e-86
detected_olfactory_protein	ENSP00000493110.1	314	307	43.000	64.67	300	5	304	2	301	1.36e-86
detected_olfactory_protein	ENSP00000326718.1	314	316	44.409	60.70	313	4	311	4	316	2.01e-86
detected_olfactory_protein	ENSP00000299459.2	314	308	45.724	63.16	304	1	304	1	302	2.14e-86
detected_olfactory_protein	ENSP00000438815.1	314	318	41.801	64.31	311	1	305	1	311	2.52e-86
detected_olfactory_protein	ENSP00000432417.2	314	305	42.951	62.30	305	1	305	1	304	3.99e-86
detected_olfactory_protein	ENSP00000366380.1	314	320	40.984	65.25	305	1	305	1	305	5.21e-86
detected_olfactory_protein	ENSP00000373150.2	314	320	40.984	65.25	305	1	305	1	305	5.21e-86
detected_olfactory_protein	ENSP00000401866.1	314	320	40.984	65.25	305	1	305	1	305	5.21e-86
detected_olfactory_protein	ENSP00000405025.1	314	320	40.984	65.25	305	1	305	1	305	5.21e-86
detected_olfactory_protein	ENSP00000392635.1	314	320	40.984	65.25	305	1	305	1	305	5.21e-86
detected_olfactory_protein	ENSP00000388144.1	314	320	40.984	65.25	305	1	305	1	305	5.21e-86
detected_olfactory_protein	ENSP00000389825.1	314	320	40.984	65.25	305	1	305	1	305	5.21e-86
detected_olfactory_protein	ENSP00000412537.1	314	320	40.984	65.25	305	1	305	1	305	5.21e-86
detected_olfactory_protein	ENSP00000334068.1	314	320	41.534	64.86	313	1	307	1	313	5.33e-86
detected_olfactory_protein	ENSP00000493431.1	314	362	42.581	64.84	310	1	310	52	361	7.19e-86
detected_olfactory_protein	ENSP00000301532.3	314	314	42.904	66.34	303	3	305	5	307	1.22e-85
detected_olfactory_protein	ENSP00000435416.2	314	315	43.607	62.30	305	1	305	1	305	1.52e-85
detected_olfactory_protein	ENSP00000303076.2	314	309	43.092	63.49	304	4	307	2	305	1.84e-85
detected_olfactory_protein	ENSP00000493419.1	314	309	43.092	63.49	304	4	307	2	305	1.84e-85
detected_olfactory_protein	ENSP00000493182.1	314	312	42.244	63.70	303	1	303	1	303	3.48e-85
detected_olfactory_protein	ENSP00000493212.1	314	312	42.244	63.70	303	1	303	1	303	3.48e-85
detected_olfactory_protein	ENSP00000493120.1	314	313	44.300	65.80	307	1	307	1	306	3.71e-85
detected_olfactory_protein	ENSP00000304419.2	314	357	41.534	61.98	313	1	313	1	313	4.07e-85
detected_olfactory_protein	ENSP00000342448.1	314	310	42.763	65.46	304	1	304	1	304	4.43e-85
detected_olfactory_protein	ENSP00000448371.2	314	314	44.884	61.72	303	5	307	6	308	5.30e-85
detected_olfactory_protein	ENSP00000448011.2	314	314	44.884	61.72	303	5	307	6	308	5.30e-85
detected_olfactory_protein	ENSP00000448262.2	314	314	44.884	61.72	303	5	307	6	308	5.30e-85
detected_olfactory_protein	ENSP00000447194.2	314	314	44.884	61.72	303	5	307	6	308	5.30e-85
detected_olfactory_protein	ENSP00000390448.3	314	307	42.763	63.49	304	5	307	3	306	5.70e-85
detected_olfactory_protein	ENSP00000459325.1	314	327	42.244	63.70	303	1	303	16	318	6.41e-85
detected_olfactory_protein	ENSP00000425554.1	314	312	44.884	61.72	303	5	307	4	306	6.75e-85
detected_olfactory_protein	ENSP00000412512.1	314	312	44.884	61.72	303	5	307	4	306	6.75e-85
detected_olfactory_protein	ENSP00000408961.1	314	312	44.884	61.72	303	5	307	4	306	6.75e-85
detected_olfactory_protein	ENSP00000402486.1	314	312	44.884	61.72	303	5	307	4	306	6.75e-85
detected_olfactory_protein	ENSP00000400571.2	314	307	42.763	63.49	304	5	307	3	306	1.32e-84
detected_olfactory_protein	ENSP00000449846.2	314	314	44.554	61.39	303	5	307	6	308	2.02e-84
detected_olfactory_protein	ENSP00000404869.1	314	312	44.554	61.39	303	5	307	4	306	2.13e-84
detected_olfactory_protein	ENSP00000419119.1	314	312	44.554	61.72	303	5	307	4	306	2.20e-84
detected_olfactory_protein	ENSP00000366343.1	314	312	44.554	61.72	303	5	307	4	306	2.20e-84
detected_olfactory_protein	ENSP00000375393.2	314	312	44.554	61.72	303	5	307	4	306	2.20e-84
detected_olfactory_protein	ENSP00000481429.1	314	314	44.554	61.72	303	5	307	6	308	2.35e-84
detected_olfactory_protein	ENSP00000448774.2	314	314	44.554	61.72	303	5	307	6	308	2.35e-84
detected_olfactory_protein	ENSP00000450100.2	314	314	44.554	61.72	303	5	307	6	308	2.35e-84
detected_olfactory_protein	ENSP00000493230.1	314	314	42.994	59.87	314	1	314	1	314	2.48e-84
detected_olfactory_protein	ENSP00000493183.1	314	314	42.994	59.87	314	1	314	1	314	2.48e-84
detected_olfactory_protein	ENSP00000517376.1	314	314	42.994	59.87	314	1	314	1	314	2.48e-84
detected_olfactory_protein	ENSP00000517375.1	314	314	42.994	59.87	314	1	314	1	314	2.48e-84
detected_olfactory_protein	ENSP00000493217.1	314	314	43.092	63.16	304	4	307	2	305	3.43e-84
detected_olfactory_protein	ENSP00000494343.1	314	307	46.711	63.16	304	4	307	3	306	4.12e-84
detected_olfactory_protein	ENSP00000494016.1	314	307	46.711	63.16	304	4	307	3	306	4.12e-84
detected_olfactory_protein	ENSP00000493124.1	314	315	43.279	62.30	305	1	305	1	305	4.85e-84
detected_olfactory_protein	ENSP00000515451.1	314	320	42.434	63.82	304	5	307	3	306	5.32e-84
detected_olfactory_protein	ENSP00000517307.1	314	314	42.994	59.87	314	1	314	1	314	6.31e-84
detected_olfactory_protein	ENSP00000493812.1	314	307	46.711	62.83	304	4	307	3	306	6.43e-84
detected_olfactory_protein	ENSP00000494325.1	314	307	46.711	62.83	304	4	307	3	306	6.43e-84
detected_olfactory_protein	ENSP00000493452.1	314	308	42.574	64.03	303	5	307	3	305	1.09e-83
detected_olfactory_protein	ENSP00000367650.1	314	311	43.934	64.92	305	1	305	1	305	1.16e-83
detected_olfactory_protein	ENSP00000493031.1	314	312	42.345	63.84	307	1	307	2	307	1.31e-83
detected_olfactory_protein	ENSP00000323982.1	314	312	42.345	63.84	307	1	307	2	307	1.31e-83
detected_olfactory_protein	ENSP00000482661.1	314	311	42.345	63.84	307	1	307	1	306	1.35e-83
detected_olfactory_protein	ENSP00000307159.2	314	310	43.607	65.57	305	1	305	1	304	1.40e-83
detected_olfactory_protein	ENSP00000493441.1	314	315	44.040	62.58	302	5	306	8	309	1.42e-83
detected_olfactory_protein	ENSP00000493039.1	314	315	44.040	62.58	302	5	306	8	309	1.42e-83
detected_olfactory_protein	ENSP00000516654.1	314	315	44.040	62.58	302	5	306	8	309	1.42e-83
detected_olfactory_protein	ENSP00000495577.1	314	307	46.711	62.83	304	4	307	3	306	1.73e-83
detected_olfactory_protein	ENSP00000494611.1	314	307	46.711	62.83	304	4	307	3	306	1.73e-83
detected_olfactory_protein	ENSP00000493171.1	314	311	42.809	60.87	299	5	303	9	307	1.78e-83
detected_olfactory_protein	ENSP00000493427.1	314	311	42.809	60.87	299	5	303	9	307	1.78e-83
detected_olfactory_protein	ENSP00000517378.1	314	311	42.809	60.87	299	5	303	9	307	1.78e-83
detected_olfactory_protein	ENSP00000517377.1	314	311	42.809	60.87	299	5	303	9	307	1.78e-83
detected_olfactory_protein	ENSP00000350474.2	314	308	45.098	65.69	306	1	306	1	306	1.99e-83
detected_olfactory_protein	ENSP00000493091.1	314	308	45.098	65.69	306	1	306	1	306	1.99e-83
detected_olfactory_protein	ENSP00000493365.1	314	308	45.098	65.69	306	1	306	1	306	1.99e-83
detected_olfactory_protein	ENSP00000493454.1	314	310	46.711	62.83	304	4	307	3	306	2.26e-83
detected_olfactory_protein	ENSP00000493333.1	314	310	46.711	62.83	304	4	307	3	306	2.26e-83
detected_olfactory_protein	ENSP00000386174.2	314	310	42.623	63.28	305	3	307	2	306	2.66e-83
detected_olfactory_protein	ENSP00000493157.1	314	310	42.623	63.28	305	3	307	2	306	2.66e-83
detected_olfactory_protein	ENSP00000500844.1	314	310	42.623	63.28	305	3	307	2	306	2.66e-83
detected_olfactory_protein	ENSP00000500924.1	314	310	42.623	63.28	305	3	307	2	306	2.66e-83
detected_olfactory_protein	ENSP00000366146.5	314	312	42.574	60.73	303	5	307	3	305	2.68e-83
detected_olfactory_protein	ENSP00000373136.2	314	312	42.574	60.73	303	5	307	3	305	2.68e-83
detected_olfactory_protein	ENSP00000492959.1	314	312	42.574	60.73	303	5	307	3	305	2.68e-83
detected_olfactory_protein	ENSP00000410227.3	314	312	42.574	60.73	303	5	307	3	305	2.68e-83
detected_olfactory_protein	ENSP00000493160.1	314	324	42.763	65.13	304	4	307	13	316	3.49e-83
detected_olfactory_protein	ENSP00000325381.2	314	314	41.694	64.82	307	1	307	1	307	3.95e-83
detected_olfactory_protein	ENSP00000493391.1	314	314	41.694	64.82	307	1	307	1	307	3.95e-83
detected_olfactory_protein	ENSP00000493033.1	314	324	42.763	65.13	304	4	307	13	316	4.30e-83
detected_olfactory_protein	ENSP00000451021.2	314	314	42.994	59.55	314	1	314	1	314	5.41e-83
detected_olfactory_protein	ENSP00000493421.1	314	317	43.289	62.08	298	10	307	14	311	5.63e-83
detected_olfactory_protein	ENSP00000492892.1	314	317	43.289	62.08	298	10	307	14	311	5.63e-83
detected_olfactory_protein	ENSP00000485112.1	314	307	42.434	63.16	304	5	307	3	306	6.56e-83
detected_olfactory_protein	ENSP00000493463.1	314	307	42.434	63.16	304	5	307	3	306	6.56e-83
detected_olfactory_protein	ENSP00000348033.2	314	322	43.087	62.38	311	1	310	1	311	7.02e-83
detected_olfactory_protein	ENSP00000493337.1	314	314	43.934	65.25	305	1	305	1	305	7.02e-83
detected_olfactory_protein	ENSP00000403604.3	314	312	42.244	60.40	303	5	307	3	305	7.51e-83
detected_olfactory_protein	ENSP00000366378.2	314	313	41.368	60.59	307	1	307	1	307	9.43e-83
detected_olfactory_protein	ENSP00000373149.3	314	313	41.368	60.59	307	1	307	1	307	9.43e-83
detected_olfactory_protein	ENSP00000394593.2	314	313	41.368	60.59	307	1	307	1	307	9.43e-83
detected_olfactory_protein	ENSP00000403571.2	314	313	41.368	60.59	307	1	307	1	307	9.43e-83
detected_olfactory_protein	ENSP00000399881.2	314	313	41.368	60.59	307	1	307	1	307	9.43e-83
detected_olfactory_protein	ENSP00000393235.2	314	313	41.368	60.59	307	1	307	1	307	9.43e-83
detected_olfactory_protein	ENSP00000394571.2	314	313	41.368	60.59	307	1	307	1	307	9.43e-83
detected_olfactory_protein	ENSP00000388604.2	314	313	41.368	60.59	307	1	307	1	307	9.43e-83
detected_olfactory_protein	ENSP00000492940.1	314	316	39.809	58.92	314	1	314	1	314	9.91e-83
detected_olfactory_protein	ENSP00000493355.1	314	316	39.809	58.92	314	1	314	1	314	9.91e-83
detected_olfactory_protein	ENSP00000518544.1	314	316	39.809	58.92	314	1	314	1	314	9.91e-83
detected_olfactory_protein	ENSP00000518543.1	314	316	39.809	58.92	314	1	314	1	314	9.91e-83
detected_olfactory_protein	ENSP00000518210.1	314	329	42.997	63.84	307	1	307	17	323	1.05e-82
detected_olfactory_protein	ENSP00000492953.1	314	313	42.671	60.59	307	1	307	1	307	1.38e-82
detected_olfactory_protein	ENSP00000493364.1	314	326	40.391	63.84	307	1	307	13	319	1.44e-82
detected_olfactory_protein	ENSP00000517458.1	314	326	40.391	63.84	307	1	307	13	319	1.44e-82
detected_olfactory_protein	ENSP00000459132.1	314	326	40.391	63.84	307	1	307	13	319	1.44e-82
detected_olfactory_protein	ENSP00000277216.3	314	318	41.066	63.01	319	1	312	1	318	1.72e-82
detected_olfactory_protein	ENSP00000493235.1	314	313	43.648	64.82	307	1	307	1	306	2.53e-82
detected_olfactory_protein	ENSP00000493254.1	314	312	42.020	62.87	307	1	307	1	307	2.92e-82
detected_olfactory_protein	ENSP00000409339.3	314	312	42.244	60.40	303	5	307	3	305	2.95e-82
detected_olfactory_protein	ENSP00000373038.5	314	312	42.244	60.40	303	5	307	3	305	2.95e-82
detected_olfactory_protein	ENSP00000414688.3	314	312	42.244	60.40	303	5	307	3	305	2.95e-82
detected_olfactory_protein	ENSP00000493233.1	314	318	41.935	61.94	310	4	313	2	311	3.67e-82
detected_olfactory_protein	ENSP00000517461.1	314	318	41.935	61.94	310	4	313	2	311	3.67e-82
detected_olfactory_protein	ENSP00000414137.3	314	307	42.105	62.83	304	5	307	3	306	5.88e-82
detected_olfactory_protein	ENSP00000366345.5	314	307	42.105	62.83	304	5	307	3	306	5.88e-82
detected_olfactory_protein	ENSP00000415065.3	314	307	42.105	62.83	304	5	307	3	306	5.88e-82
detected_olfactory_protein	ENSP00000493043.1	314	309	43.322	63.52	307	4	307	2	305	7.95e-82
detected_olfactory_protein	ENSP00000485661.1	314	311	42.763	64.14	304	1	304	1	304	9.23e-82
detected_olfactory_protein	ENSP00000493289.1	314	311	41.935	64.84	310	1	310	1	310	9.64e-82
detected_olfactory_protein	ENSP00000323595.2	314	311	43.648	64.82	307	1	307	1	306	9.96e-82
detected_olfactory_protein	ENSP00000493316.1	314	311	43.648	64.82	307	1	307	1	306	9.96e-82
detected_olfactory_protein	ENSP00000517463.1	314	311	43.648	64.82	307	1	307	1	306	9.96e-82
detected_olfactory_protein	ENSP00000517462.1	314	311	43.648	64.82	307	1	307	1	306	9.96e-82
detected_olfactory_protein	ENSP00000486842.1	314	311	43.648	64.82	307	1	307	1	306	9.96e-82
detected_olfactory_protein	ENSP00000485483.1	314	317	42.671	61.89	307	1	307	1	307	1.08e-81
detected_olfactory_protein	ENSP00000493004.1	314	317	42.671	61.89	307	1	307	1	307	1.08e-81
detected_olfactory_protein	ENSP00000496442.1	314	317	42.671	61.89	307	1	307	1	307	1.08e-81
detected_olfactory_protein	ENSP00000495065.1	314	317	42.671	61.89	307	1	307	1	307	1.08e-81
detected_olfactory_protein	ENSP00000493434.1	314	317	42.532	61.36	308	1	308	1	308	1.10e-81
detected_olfactory_protein	ENSP00000493412.1	314	317	42.532	61.36	308	1	308	1	308	1.10e-81
detected_olfactory_protein	ENSP00000305055.1	314	316	41.667	63.46	312	1	312	1	311	1.19e-81
detected_olfactory_protein	ENSP00000493386.1	314	313	42.038	62.42	314	1	314	1	311	1.25e-81
detected_olfactory_protein	ENSP00000495443.1	314	310	46.205	62.71	303	5	307	4	306	1.77e-81
detected_olfactory_protein	ENSP00000495092.1	314	310	46.205	62.71	303	5	307	4	306	1.77e-81
detected_olfactory_protein	ENSP00000323354.2	314	311	42.904	62.38	303	3	305	2	304	2.08e-81
detected_olfactory_protein	ENSP00000517460.1	314	311	42.904	62.38	303	3	305	2	304	2.08e-81
detected_olfactory_protein	ENSP00000363550.1	314	345	41.667	63.46	312	1	312	30	340	2.57e-81
detected_olfactory_protein	ENSP00000334452.2	314	319	42.020	65.47	307	1	307	1	307	2.82e-81
detected_olfactory_protein	ENSP00000460931.1	314	359	41.935	61.94	310	4	313	43	352	3.02e-81
detected_olfactory_protein	ENSP00000493211.1	314	315	43.709	62.25	302	5	306	8	309	3.10e-81
detected_olfactory_protein	ENSP00000493061.1	314	315	43.709	62.25	302	5	306	8	309	3.10e-81
detected_olfactory_protein	ENSP00000493060.1	314	314	42.763	63.49	304	4	307	2	302	3.20e-81
detected_olfactory_protein	ENSP00000493076.1	314	317	41.401	64.97	314	1	307	1	313	3.67e-81
detected_olfactory_protein	ENSP00000396524.3	314	312	40.984	61.64	305	1	305	2	306	4.12e-81
detected_olfactory_protein	ENSP00000351519.6	314	312	40.984	61.64	305	1	305	2	306	4.12e-81
detected_olfactory_protein	ENSP00000366372.2	314	312	40.984	61.64	305	1	305	2	306	4.26e-81
detected_olfactory_protein	ENSP00000493401.1	314	312	40.984	61.64	305	1	305	2	306	4.26e-81
detected_olfactory_protein	ENSP00000347418.3	314	309	44.300	63.19	307	1	307	1	307	4.98e-81
detected_olfactory_protein	ENSP00000320560.3	314	330	44.904	63.06	314	1	313	17	330	7.11e-81
detected_olfactory_protein	ENSP00000349945.3	314	314	41.118	62.17	304	4	307	2	305	7.46e-81
detected_olfactory_protein	ENSP00000492894.1	314	325	43.564	64.03	303	1	303	6	308	8.44e-81
detected_olfactory_protein	ENSP00000493253.1	314	325	43.564	64.03	303	1	303	6	308	8.44e-81
detected_olfactory_protein	ENSP00000326301.2	314	309	42.525	61.13	301	5	305	5	305	1.62e-80
detected_olfactory_protein	ENSP00000493036.1	314	311	40.514	64.31	311	5	314	3	311	1.64e-80
detected_olfactory_protein	ENSP00000493354.1	314	311	40.514	64.31	311	5	314	3	311	1.64e-80
detected_olfactory_protein	ENSP00000480705.3	314	309	42.105	61.18	304	1	304	1	304	1.83e-80
detected_olfactory_protein	ENSP00000492964.1	314	309	42.105	61.18	304	1	304	1	304	1.83e-80
detected_olfactory_protein	ENSP00000386167.2	314	310	45.875	62.71	303	5	307	4	306	1.87e-80
detected_olfactory_protein	ENSP00000493159.1	314	310	45.875	62.71	303	5	307	4	306	1.87e-80
detected_olfactory_protein	ENSP00000493343.1	314	310	45.875	62.71	303	5	307	4	306	1.87e-80
detected_olfactory_protein	ENSP00000493325.1	314	324	40.717	61.89	307	1	307	1	307	2.34e-80
detected_olfactory_protein	ENSP00000438657.1	314	328	41.000	61.67	300	5	304	23	322	2.40e-80
detected_olfactory_protein	ENSP00000451950.1	314	328	41.000	61.67	300	5	304	23	322	2.40e-80
detected_olfactory_protein	ENSP00000363522.2	314	328	41.000	61.67	300	5	304	23	322	2.40e-80
detected_olfactory_protein	ENSP00000484353.1	314	328	41.000	61.67	300	5	304	23	322	2.40e-80
detected_olfactory_protein	ENSP00000483252.1	314	328	41.000	61.67	300	5	304	23	322	2.40e-80
detected_olfactory_protein	ENSP00000480319.1	314	328	41.000	61.67	300	5	304	23	322	2.40e-80
detected_olfactory_protein	ENSP00000386137.2	314	310	41.967	61.64	305	3	307	2	306	2.61e-80
detected_olfactory_protein	ENSP00000493353.1	314	310	41.967	61.64	305	3	307	2	306	2.61e-80
detected_olfactory_protein	ENSP00000279791.1	314	310	40.909	62.34	308	5	312	3	310	2.67e-80
detected_olfactory_protein	ENSP00000517454.1	314	310	40.909	62.34	308	5	312	3	310	2.67e-80
detected_olfactory_protein	ENSP00000399078.4	314	309	40.864	63.46	301	1	301	1	300	3.05e-80
detected_olfactory_protein	ENSP00000493228.1	314	309	40.864	63.46	301	1	301	1	300	3.05e-80
detected_olfactory_protein	ENSP00000517533.1	314	309	40.864	63.46	301	1	301	1	300	3.05e-80
detected_olfactory_protein	ENSP00000517531.1	314	309	40.864	63.46	301	1	301	1	300	3.05e-80
detected_olfactory_protein	ENSP00000493340.1	314	325	42.105	61.18	304	1	304	17	320	3.89e-80
detected_olfactory_protein	ENSP00000492975.1	314	324	43.750	65.79	304	4	307	5	308	4.39e-80
detected_olfactory_protein	ENSP00000493065.1	314	324	43.750	65.79	304	4	307	5	308	4.39e-80
detected_olfactory_protein	ENSP00000303834.4	314	324	43.750	65.79	304	4	307	5	308	4.39e-80
detected_olfactory_protein	ENSP00000355429.3	314	320	41.424	61.17	309	5	313	9	317	4.43e-80
detected_olfactory_protein	ENSP00000517775.1	314	320	41.424	61.17	309	5	313	9	317	4.43e-80
detected_olfactory_protein	ENSP00000386151.2	314	311	41.447	63.49	304	1	304	1	302	4.95e-80
detected_olfactory_protein	ENSP00000492907.1	314	311	41.447	63.49	304	1	304	1	302	4.95e-80
detected_olfactory_protein	ENSP00000496557.1	314	311	41.447	63.49	304	1	304	1	302	4.95e-80
detected_olfactory_protein	ENSP00000494805.1	314	311	41.447	63.49	304	1	304	1	302	4.95e-80
detected_olfactory_protein	ENSP00000492902.1	314	320	40.864	63.46	301	1	301	12	311	5.68e-80
detected_olfactory_protein	ENSP00000517532.1	314	320	40.864	63.46	301	1	301	12	311	5.68e-80
detected_olfactory_protein	ENSP00000307734.3	314	317	43.894	61.06	303	4	304	6	308	5.96e-80
detected_olfactory_protein	ENSP00000493143.1	314	322	41.720	61.78	314	2	314	6	315	6.17e-80
detected_olfactory_protein	ENSP00000329210.2	314	312	41.639	61.31	305	1	305	1	305	6.84e-80
detected_olfactory_protein	ENSP00000493236.1	314	312	41.639	61.31	305	1	305	1	305	6.84e-80
detected_olfactory_protein	ENSP00000518546.1	314	312	41.639	61.31	305	1	305	1	305	6.84e-80
detected_olfactory_protein	ENSP00000518545.1	314	312	41.639	61.31	305	1	305	1	305	6.84e-80
detected_olfactory_protein	ENSP00000403186.2	314	312	40.656	60.98	305	1	305	2	306	7.46e-80
detected_olfactory_protein	ENSP00000416299.2	314	312	40.656	60.98	305	1	305	2	306	7.46e-80
detected_olfactory_protein	ENSP00000408988.2	314	312	40.656	60.98	305	1	305	2	306	7.46e-80
detected_olfactory_protein	ENSP00000392497.2	314	312	40.656	60.98	305	1	305	2	306	7.46e-80
detected_olfactory_protein	ENSP00000398238.3	314	312	40.656	60.98	305	1	305	2	306	7.46e-80
detected_olfactory_protein	ENSP00000284287.4	314	309	42.295	65.57	305	1	305	1	304	8.27e-80
detected_olfactory_protein	ENSP00000492950.1	314	309	42.295	65.57	305	1	305	1	304	8.27e-80
detected_olfactory_protein	ENSP00000518235.1	314	313	40.645	63.55	310	1	307	1	303	1.11e-79
detected_olfactory_protein	ENSP00000493148.1	314	317	42.492	62.30	313	1	313	1	308	1.21e-79
detected_olfactory_protein	ENSP00000414527.2	314	312	39.604	60.73	303	3	305	4	306	1.24e-79
detected_olfactory_protein	ENSP00000484014.1	314	348	41.424	61.17	309	5	313	37	345	1.37e-79
detected_olfactory_protein	ENSP00000478105.1	314	348	41.424	61.17	309	5	313	37	345	1.37e-79
detected_olfactory_protein	ENSP00000517768.1	314	317	41.883	61.04	308	1	308	1	308	1.43e-79
detected_olfactory_protein	ENSP00000517767.1	314	317	41.883	61.04	308	1	308	1	308	1.43e-79
detected_olfactory_protein	ENSP00000362784.2	314	320	41.368	61.56	307	1	303	1	307	1.64e-79
detected_olfactory_protein	ENSP00000377799.2	314	309	40.789	62.17	304	4	307	2	305	1.67e-79
detected_olfactory_protein	ENSP00000493445.1	314	309	40.789	62.17	304	4	307	2	305	1.67e-79
detected_olfactory_protein	ENSP00000493181.1	314	309	40.789	62.17	304	4	307	2	305	1.67e-79
detected_olfactory_protein	ENSP00000493082.1	314	313	41.694	60.26	307	1	307	1	307	1.83e-79
detected_olfactory_protein	ENSP00000460360.2	314	309	43.564	64.69	303	5	307	1	302	1.89e-79
detected_olfactory_protein	ENSP00000493104.1	314	314	42.258	59.03	310	1	310	1	310	2.18e-79
detected_olfactory_protein	ENSP00000493370.1	314	314	42.258	59.03	310	1	310	1	310	2.18e-79
detected_olfactory_protein	ENSP00000493069.1	314	311	40.777	63.43	309	1	309	1	309	2.39e-79
detected_olfactory_protein	ENSP00000493127.1	314	311	40.777	63.43	309	1	309	1	309	2.39e-79
detected_olfactory_protein	ENSP00000366376.3	314	312	39.604	60.73	303	3	305	4	306	2.68e-79
detected_olfactory_protein	ENSP00000493312.1	314	312	39.604	60.73	303	3	305	4	306	2.68e-79
detected_olfactory_protein	ENSP00000492999.1	314	326	42.295	65.57	305	1	305	18	321	2.70e-79
detected_olfactory_protein	ENSP00000320302.2	314	311	41.667	63.67	300	5	304	6	305	3.76e-79
detected_olfactory_protein	ENSP00000492957.1	314	311	41.667	63.67	300	5	304	6	305	3.76e-79
detected_olfactory_protein	ENSP00000493250.1	314	311	41.667	63.67	300	5	304	6	305	3.76e-79
detected_olfactory_protein	ENSP00000299454.4	314	317	44.516	59.35	310	1	307	1	308	3.93e-79
detected_olfactory_protein	ENSP00000493017.1	314	315	40.323	59.03	310	5	314	6	315	4.54e-79
detected_olfactory_protein	ENSP00000493207.1	314	315	40.323	59.03	310	5	314	6	315	4.54e-79
detected_olfactory_protein	ENSP00000493311.1	314	316	40.391	60.59	307	1	307	1	307	5.76e-79
detected_olfactory_protein	ENSP00000493362.1	314	316	40.391	60.59	307	1	307	1	307	5.76e-79
detected_olfactory_protein	ENSP00000321447.1	314	309	43.709	61.59	302	3	304	4	299	5.76e-79
detected_olfactory_protein	ENSP00000331774.3	314	315	41.196	62.13	301	5	305	9	309	5.83e-79
detected_olfactory_protein	ENSP00000492895.1	314	315	41.196	62.13	301	5	305	9	309	5.83e-79
detected_olfactory_protein	ENSP00000401706.1	314	310	40.968	60.32	310	1	310	1	310	5.88e-79
detected_olfactory_protein	ENSP00000493226.1	314	310	40.968	60.32	310	1	310	1	310	5.88e-79
detected_olfactory_protein	ENSP00000493066.1	314	315	41.196	62.13	301	5	305	9	309	6.29e-79
detected_olfactory_protein	ENSP00000480714.1	314	315	41.196	62.13	301	5	305	9	309	6.29e-79
detected_olfactory_protein	ENSP00000517764.1	314	315	41.196	62.13	301	5	305	9	309	6.29e-79
detected_olfactory_protein	ENSP00000480545.1	314	315	41.196	62.13	301	5	305	9	309	6.29e-79
detected_olfactory_protein	ENSP00000517771.1	314	315	41.196	62.13	301	5	305	9	309	6.64e-79
detected_olfactory_protein	ENSP00000517770.1	314	315	41.196	62.13	301	5	305	9	309	6.64e-79
detected_olfactory_protein	ENSP00000344040.2	314	319	41.667	61.86	312	1	305	1	312	7.76e-79
detected_olfactory_protein	ENSP00000493052.1	314	415	40.909	62.34	308	5	312	108	415	8.42e-79
detected_olfactory_protein	ENSP00000493052.1	314	415	42.000	64.00	50	5	54	3	52	0.001
detected_olfactory_protein	ENSP00000517452.1	314	415	40.909	62.34	308	5	312	108	415	8.42e-79
detected_olfactory_protein	ENSP00000517452.1	314	415	42.000	64.00	50	5	54	3	52	0.001
detected_olfactory_protein	ENSP00000493201.1	314	347	40.065	60.59	307	1	307	1	307	1.05e-78
detected_olfactory_protein	ENSP00000492974.1	314	347	40.065	60.59	307	1	307	1	307	1.05e-78
detected_olfactory_protein	ENSP00000351466.2	314	309	41.368	62.87	307	1	307	3	309	1.07e-78
detected_olfactory_protein	ENSP00000330280.2	314	311	42.345	64.50	307	1	307	1	307	1.09e-78
detected_olfactory_protein	ENSP00000493014.1	314	311	42.345	64.50	307	1	307	1	307	1.09e-78
detected_olfactory_protein	ENSP00000373193.2	314	308	40.065	59.93	307	1	307	1	307	1.19e-78
detected_olfactory_protein	ENSP00000493267.1	314	308	40.065	59.93	307	1	307	1	307	1.19e-78
detected_olfactory_protein	ENSP00000492946.1	314	315	39.677	58.71	310	5	314	6	315	1.30e-78
detected_olfactory_protein	ENSP00000492982.1	314	315	39.677	58.71	310	5	314	6	315	1.30e-78
detected_olfactory_protein	ENSP00000492958.1	314	315	39.677	58.71	310	5	314	6	315	1.30e-78
detected_olfactory_protein	ENSP00000502518.1	314	309	43.234	62.71	303	1	302	1	302	1.33e-78
detected_olfactory_protein	ENSP00000492890.1	314	313	44.224	64.69	303	1	303	1	303	1.50e-78
detected_olfactory_protein	ENSP00000493025.1	314	313	44.224	64.69	303	1	303	1	303	1.50e-78
detected_olfactory_protein	ENSP00000493278.1	314	313	44.224	64.69	303	1	303	1	303	1.50e-78
detected_olfactory_protein	ENSP00000493023.1	314	313	44.224	64.69	303	1	303	1	303	1.50e-78
detected_olfactory_protein	ENSP00000412463.1	314	316	42.230	60.14	296	12	307	10	305	1.58e-78
detected_olfactory_protein	ENSP00000396944.1	314	316	42.230	60.14	296	12	307	10	305	1.58e-78
detected_olfactory_protein	ENSP00000397171.1	314	316	42.230	60.14	296	12	307	10	305	1.58e-78
detected_olfactory_protein	ENSP00000405714.1	314	316	42.230	60.14	296	12	307	10	305	1.58e-78
detected_olfactory_protein	ENSP00000383547.1	314	316	42.230	60.14	296	12	307	10	305	1.58e-78
detected_olfactory_protein	ENSP00000373140.2	314	316	42.230	60.14	296	12	307	10	305	1.58e-78
detected_olfactory_protein	ENSP00000383549.1	314	316	42.230	60.14	296	12	307	10	305	1.58e-78
detected_olfactory_protein	ENSP00000383548.1	314	316	42.230	60.14	296	12	307	10	305	1.58e-78
detected_olfactory_protein	ENSP00000394698.1	314	316	42.230	60.14	296	12	307	10	305	1.58e-78
detected_olfactory_protein	ENSP00000410401.1	314	316	42.230	60.14	296	12	307	10	305	1.58e-78
detected_olfactory_protein	ENSP00000407739.1	314	316	42.230	60.14	296	12	307	10	305	1.58e-78
detected_olfactory_protein	ENSP00000398695.1	314	316	42.230	60.14	296	12	307	10	305	1.58e-78
detected_olfactory_protein	ENSP00000380010.2	314	316	42.230	60.14	296	12	307	10	305	1.58e-78
detected_olfactory_protein	ENSP00000366336.1	314	316	42.230	60.14	296	12	307	10	305	1.58e-78
detected_olfactory_protein	ENSP00000366337.1	314	316	42.230	60.14	296	12	307	10	305	1.58e-78
detected_olfactory_protein	ENSP00000366340.1	314	316	42.230	60.14	296	12	307	10	305	1.58e-78
detected_olfactory_protein	ENSP00000410659.1	314	316	42.230	60.14	296	12	307	10	305	1.58e-78
detected_olfactory_protein	ENSP00000396414.1	314	316	42.230	60.14	296	12	307	10	305	1.58e-78
detected_olfactory_protein	ENSP00000408584.1	314	316	42.230	60.14	296	12	307	10	305	1.58e-78
detected_olfactory_protein	ENSP00000388844.1	314	316	42.230	60.14	296	12	307	10	305	1.58e-78
detected_olfactory_protein	ENSP00000395567.1	314	316	42.230	60.14	296	12	307	10	305	1.58e-78
detected_olfactory_protein	ENSP00000389230.1	314	316	42.230	60.14	296	12	307	10	305	1.58e-78
detected_olfactory_protein	ENSP00000409651.1	314	316	42.230	60.14	296	12	307	10	305	1.58e-78
detected_olfactory_protein	ENSP00000411617.1	314	316	42.230	60.14	296	12	307	10	305	1.58e-78
detected_olfactory_protein	ENSP00000383527.1	314	316	42.230	60.14	296	12	307	10	305	1.58e-78
detected_olfactory_protein	ENSP00000373042.3	314	316	42.230	60.14	296	12	307	10	305	1.58e-78
detected_olfactory_protein	ENSP00000383529.2	314	316	42.230	60.14	296	12	307	10	305	1.58e-78
detected_olfactory_protein	ENSP00000383530.2	314	316	42.230	60.14	296	12	307	10	305	1.58e-78
detected_olfactory_protein	ENSP00000395850.1	314	316	42.230	60.14	296	12	307	10	305	1.58e-78
detected_olfactory_protein	ENSP00000413910.1	314	316	42.230	60.14	296	12	307	10	305	1.58e-78
detected_olfactory_protein	ENSP00000392619.1	314	316	42.230	60.14	296	12	307	10	305	1.58e-78
detected_olfactory_protein	ENSP00000395934.1	314	316	42.230	60.14	296	12	307	10	305	1.58e-78
detected_olfactory_protein	ENSP00000493385.1	314	320	41.042	60.26	307	1	307	2	308	1.60e-78
detected_olfactory_protein	ENSP00000355443.3	314	320	41.042	60.26	307	1	307	2	308	1.60e-78
detected_olfactory_protein	ENSP00000363911.2	314	318	41.534	62.30	313	1	307	1	313	1.64e-78
detected_olfactory_protein	ENSP00000493281.2	314	321	41.892	59.46	296	2	297	13	308	2.07e-78
detected_olfactory_protein	ENSP00000493430.1	314	312	42.345	62.21	307	4	307	2	305	2.08e-78
detected_olfactory_protein	ENSP00000493126.1	314	316	41.667	62.82	312	4	314	2	310	2.21e-78
detected_olfactory_protein	ENSP00000493234.1	314	310	41.720	63.06	314	1	314	1	310	2.28e-78
detected_olfactory_protein	ENSP00000365451.3	314	310	41.720	63.06	314	1	314	1	310	2.28e-78
detected_olfactory_protein	ENSP00000386222.2	314	317	42.671	60.91	307	1	307	1	307	2.54e-78
detected_olfactory_protein	ENSP00000495472.1	314	317	42.671	60.91	307	1	307	1	307	2.54e-78
detected_olfactory_protein	ENSP00000493297.1	314	312	43.648	62.21	307	1	307	1	307	2.65e-78
detected_olfactory_protein	ENSP00000508428.1	314	309	42.671	62.87	307	1	307	1	302	2.66e-78
detected_olfactory_protein	ENSP00000324769.3	314	309	42.671	62.87	307	1	307	1	302	2.66e-78
detected_olfactory_protein	ENSP00000447580.1	314	316	42.053	63.25	302	4	304	2	303	3.19e-78
detected_olfactory_protein	ENSP00000393734.1	314	316	42.053	63.25	302	4	304	2	303	3.19e-78
detected_olfactory_protein	ENSP00000421215.1	314	316	42.053	63.25	302	4	304	2	303	3.19e-78
detected_olfactory_protein	ENSP00000447204.1	314	316	42.053	63.25	302	4	304	2	303	3.19e-78
detected_olfactory_protein	ENSP00000380023.3	314	316	42.053	63.25	302	4	304	2	303	3.19e-78
detected_olfactory_protein	ENSP00000373048.3	314	316	42.053	63.25	302	4	304	2	303	3.19e-78
detected_olfactory_protein	ENSP00000449350.1	314	316	42.053	63.25	302	4	304	2	303	3.19e-78
detected_olfactory_protein	ENSP00000323895.6	314	312	42.623	62.95	305	1	305	1	303	3.47e-78
detected_olfactory_protein	ENSP00000493231.1	314	312	42.623	62.95	305	1	305	1	303	3.47e-78
detected_olfactory_protein	ENSP00000493028.1	314	312	42.623	62.95	305	1	305	1	303	3.47e-78
detected_olfactory_protein	ENSP00000329056.1	314	309	42.763	61.18	304	1	304	1	299	4.15e-78
detected_olfactory_protein	ENSP00000369157.2	314	315	45.098	59.15	306	1	305	1	306	4.38e-78
detected_olfactory_protein	ENSP00000493024.1	314	309	42.574	61.39	303	5	307	3	303	4.83e-78
detected_olfactory_protein	ENSP00000334441.2	314	309	40.000	62.62	305	1	305	1	304	4.83e-78
detected_olfactory_protein	ENSP00000355432.1	314	312	39.414	60.91	307	1	307	1	307	5.71e-78
detected_olfactory_protein	ENSP00000334115.1	314	314	43.478	65.89	299	7	305	8	305	6.14e-78
detected_olfactory_protein	ENSP00000493070.1	314	307	38.538	63.46	301	5	305	3	303	6.70e-78
detected_olfactory_protein	ENSP00000517457.1	314	307	38.538	63.46	301	5	305	3	303	6.70e-78
detected_olfactory_protein	ENSP00000493380.1	314	311	42.258	59.68	310	5	314	2	311	7.83e-78
detected_olfactory_protein	ENSP00000493034.1	314	311	42.258	59.68	310	5	314	2	311	7.83e-78
detected_olfactory_protein	ENSP00000500547.1	314	318	40.984	60.33	305	3	307	2	306	9.00e-78
detected_olfactory_protein	ENSP00000494036.1	314	318	40.984	60.33	305	3	307	2	306	9.00e-78
detected_olfactory_protein	ENSP00000368990.2	314	312	42.208	59.42	308	4	311	2	309	9.10e-78
detected_olfactory_protein	ENSP00000492978.1	314	312	42.208	59.42	308	4	311	2	309	9.10e-78
detected_olfactory_protein	ENSP00000324687.2	314	320	40.823	58.86	316	1	314	1	312	9.26e-78
detected_olfactory_protein	ENSP00000493437.1	314	320	40.823	58.86	316	1	314	1	312	9.26e-78
detected_olfactory_protein	ENSP00000493115.2	314	312	41.776	61.84	304	1	304	1	301	1.06e-77
detected_olfactory_protein	ENSP00000493449.2	314	312	41.776	61.84	304	1	304	1	301	1.06e-77
detected_olfactory_protein	ENSP00000517380.1	314	312	41.776	61.84	304	1	304	1	301	1.06e-77
detected_olfactory_protein	ENSP00000517379.1	314	312	41.776	61.84	304	1	304	1	301	1.06e-77
detected_olfactory_protein	ENSP00000319071.2	314	330	43.421	58.22	304	2	305	20	323	1.22e-77
detected_olfactory_protein	ENSP00000517306.1	314	330	43.421	58.22	304	2	305	20	323	1.22e-77
detected_olfactory_protein	ENSP00000386209.2	314	318	40.984	60.00	305	3	307	2	306	1.23e-77
detected_olfactory_protein	ENSP00000324958.2	314	370	41.667	62.82	312	4	314	56	364	1.35e-77
detected_olfactory_protein	ENSP00000496729.1	314	309	41.639	61.31	305	3	307	2	305	1.66e-77
detected_olfactory_protein	ENSP00000496209.1	314	309	41.639	61.31	305	3	307	2	305	1.66e-77
detected_olfactory_protein	ENSP00000348449.3	314	309	42.345	62.21	307	1	307	1	306	1.68e-77
detected_olfactory_protein	ENSP00000492905.1	314	311	40.895	62.30	313	5	313	3	309	1.86e-77
detected_olfactory_protein	ENSP00000447118.1	314	316	41.722	62.91	302	4	304	2	303	2.06e-77
detected_olfactory_protein	ENSP00000421346.1	314	316	41.722	62.91	302	4	304	2	303	2.06e-77
detected_olfactory_protein	ENSP00000448923.1	314	316	41.722	62.91	302	4	304	2	303	2.06e-77
detected_olfactory_protein	ENSP00000424840.1	314	316	41.722	62.91	302	4	304	2	303	2.06e-77
detected_olfactory_protein	ENSP00000389625.1	314	312	39.414	59.93	307	1	307	1	307	2.41e-77
detected_olfactory_protein	ENSP00000492981.1	314	312	39.414	59.93	307	1	307	1	307	2.41e-77
detected_olfactory_protein	ENSP00000493389.1	314	311	41.447	63.82	304	1	304	1	299	3.04e-77
detected_olfactory_protein	ENSP00000493010.1	314	314	38.816	65.13	304	1	304	1	301	3.15e-77
detected_olfactory_protein	ENSP00000493042.1	314	314	38.816	65.13	304	1	304	1	301	3.15e-77
detected_olfactory_protein	ENSP00000493166.1	314	315	40.984	63.28	305	1	305	1	305	3.66e-77
detected_olfactory_protein	ENSP00000493417.1	314	315	40.984	63.28	305	1	305	1	305	3.66e-77
detected_olfactory_protein	ENSP00000311605.2	314	309	43.478	63.88	299	9	307	7	302	3.79e-77
detected_olfactory_protein	ENSP00000485577.2	314	317	42.617	62.42	298	12	305	13	310	4.89e-77
detected_olfactory_protein	ENSP00000516726.1	314	317	42.617	62.42	298	12	305	13	310	4.89e-77
detected_olfactory_protein	ENSP00000493003.1	314	313	44.224	62.05	303	1	303	1	303	6.75e-77
detected_olfactory_protein	ENSP00000322784.2	314	309	42.574	61.72	303	1	302	1	302	6.87e-77
detected_olfactory_protein	ENSP00000493328.1	314	313	42.810	64.05	306	5	310	8	311	7.28e-77
detected_olfactory_protein	ENSP00000493006.1	314	313	42.810	64.05	306	5	310	8	311	7.28e-77
detected_olfactory_protein	ENSP00000319654.4	314	313	39.557	62.34	316	1	314	1	313	8.11e-77
detected_olfactory_protein	ENSP00000492985.1	314	313	39.557	62.34	316	1	314	1	313	8.11e-77
detected_olfactory_protein	ENSP00000259362.1	314	318	40.645	62.58	310	1	304	1	310	8.48e-77
detected_olfactory_protein	ENSP00000496604.1	314	308	42.336	60.95	274	41	314	35	308	9.95e-77
detected_olfactory_protein	ENSP00000492992.1	314	311	40.065	61.56	307	1	307	1	307	1.20e-76
detected_olfactory_protein	ENSP00000311038.2	314	313	39.677	61.94	310	5	314	3	311	1.34e-76
detected_olfactory_protein	ENSP00000323853.1	314	307	41.503	63.40	306	1	304	1	304	1.34e-76
detected_olfactory_protein	ENSP00000492936.1	314	317	39.344	64.59	305	4	306	2	306	1.53e-76
detected_olfactory_protein	ENSP00000492990.1	314	327	43.322	63.52	307	1	301	1	306	2.02e-76
detected_olfactory_protein	ENSP00000493000.1	314	320	40.506	56.96	316	1	314	1	312	2.34e-76
detected_olfactory_protein	ENSP00000323612.3	314	322	41.722	63.25	302	4	305	16	317	2.57e-76
detected_olfactory_protein	ENSP00000517466.1	314	322	41.722	63.25	302	4	305	16	317	2.57e-76
detected_olfactory_protein	ENSP00000492924.1	314	314	41.883	59.09	308	1	307	1	307	2.97e-76
detected_olfactory_protein	ENSP00000517766.1	314	311	40.777	60.52	309	5	313	3	311	3.48e-76
detected_olfactory_protein	ENSP00000459586.1	314	340	41.722	63.25	302	4	305	34	335	3.51e-76
detected_olfactory_protein	ENSP00000298642.2	314	314	40.132	62.17	304	1	304	1	301	3.53e-76
detected_olfactory_protein	ENSP00000493007.1	314	314	40.132	62.17	304	1	304	1	301	3.53e-76
detected_olfactory_protein	ENSP00000517367.1	314	314	40.132	62.17	304	1	304	1	301	3.53e-76
detected_olfactory_protein	ENSP00000517366.1	314	314	40.132	62.17	304	1	304	1	301	3.53e-76
detected_olfactory_protein	ENSP00000493137.1	314	307	40.461	62.50	304	1	304	1	301	4.85e-76
detected_olfactory_protein	ENSP00000441354.1	314	307	40.461	62.50	304	1	304	1	301	4.85e-76
detected_olfactory_protein	ENSP00000339726.3	314	311	40.777	60.52	309	5	313	3	311	4.87e-76
detected_olfactory_protein	ENSP00000511782.1	314	311	40.777	60.52	309	5	313	3	311	4.87e-76
detected_olfactory_protein	ENSP00000347428.1	314	312	39.016	60.33	305	1	305	1	304	8.72e-76
detected_olfactory_protein	ENSP00000393889.1	314	316	39.414	59.61	307	1	307	1	307	1.47e-75
detected_olfactory_protein	ENSP00000285600.3	314	311	42.105	61.84	304	1	304	1	301	1.77e-75
detected_olfactory_protein	ENSP00000493205.1	314	311	42.105	61.84	304	1	304	1	301	1.77e-75
detected_olfactory_protein	ENSP00000493193.1	314	311	42.105	61.84	304	1	304	1	301	1.77e-75
detected_olfactory_protein	ENSP00000517373.1	314	311	42.105	61.84	304	1	304	1	301	1.77e-75
detected_olfactory_protein	ENSP00000517372.1	314	311	42.105	61.84	304	1	304	1	301	1.77e-75
detected_olfactory_protein	ENSP00000517371.1	314	311	42.105	61.84	304	1	304	1	301	1.77e-75
detected_olfactory_protein	ENSP00000355435.2	314	312	39.610	60.39	308	1	307	1	306	2.10e-75
detected_olfactory_protein	ENSP00000493410.1	314	312	39.610	60.39	308	1	307	1	306	2.10e-75
detected_olfactory_protein	ENSP00000493154.1	314	312	39.610	60.39	308	1	307	1	306	2.10e-75
detected_olfactory_protein	ENSP00000492919.1	314	314	40.323	60.32	310	1	310	1	310	2.57e-75
detected_olfactory_protein	ENSP00000493068.1	314	314	40.323	60.32	310	1	310	1	310	2.57e-75
detected_olfactory_protein	ENSP00000478945.1	314	314	40.323	60.32	310	1	310	1	310	2.57e-75
detected_olfactory_protein	ENSP00000486810.1	314	314	40.323	60.32	310	1	310	1	310	2.57e-75
detected_olfactory_protein	ENSP00000493246.1	314	314	40.323	60.32	310	1	310	1	310	2.57e-75
detected_olfactory_protein	ENSP00000493158.1	314	314	40.323	60.32	310	1	310	1	310	2.57e-75
detected_olfactory_protein	ENSP00000304060.3	314	316	41.176	63.07	306	1	305	1	306	2.70e-75
detected_olfactory_protein	ENSP00000477259.3	314	316	41.176	63.07	306	1	305	1	306	2.70e-75
detected_olfactory_protein	ENSP00000517456.1	314	316	41.176	63.07	306	1	305	1	306	2.70e-75
detected_olfactory_protein	ENSP00000517455.1	314	316	41.176	63.07	306	1	305	1	306	2.70e-75
detected_olfactory_protein	ENSP00000460206.1	314	316	41.176	63.07	306	1	305	1	306	2.70e-75
# BLAST processed 1 queries
